# Made in Blockbench 4.2.2
mtllib mesa.mtl

o cube
v -0.013964344494986791 -0.009001485501207274 -0.16994714720052495
v -0.0033708043454870815 -0.012932757522631011 -0.18018846095387264
v -0.013964344494986791 -0.18871571760191858 -0.10096131691305463
v -0.0033708043454870815 -0.19264698962334234 -0.11120263066640232
v -0.015959250851413476 -0.017289265200108733 -0.19153755146472445
v -0.026552791000913185 -0.013357993178684996 -0.18129623771137676
v -0.015959250851413476 -0.19700349730082006 -0.12255172117725416
v -0.026552791000913185 -0.19307222527939633 -0.11231040742390647
vt 0 1
vt 0.0625 1
vt 0.0625 0.3125
vt 0 0.3125
vt 0.0625 1
vt 0.125 1
vt 0.125 0.3125
vt 0.0625 0.3125
vt 0.125 1
vt 0.1875 1
vt 0.1875 0.3125
vt 0.125 0.3125
vt 0.1875 1
vt 0.25 1
vt 0.25 0.3125
vt 0.1875 0.3125
vt 0.3125 0.9375
vt 0.25 0.9375
vt 0.25 1
vt 0.3125 1
vt 0.3125 0.9375
vt 0.25 0.9375
vt 0.25 0.875
vt 0.3125 0.875
vn 0.6946583704589974 -0.2577883292736881 -0.6715615575965698
vn 0.7193398003386512 0.2489432958558705 0.6485194577629618
vn -0.6946583704589974 0.2577883292736881 0.6715615575965698
vn -0.7193398003386512 -0.2489432958558705 -0.6485194577629618
vn 0 0.9335804264972019 -0.3583679495453004
vn 0 -0.9335804264972019 0.3583679495453004
usemtl m_1
f 4/4/1 7/3/1 5/2/1 2/1/1
f 3/8/2 4/7/2 2/6/2 1/5/2
f 8/12/3 3/11/3 1/10/3 6/9/3
f 7/16/4 8/15/4 6/14/4 5/13/4
f 6/20/5 1/19/5 2/18/5 5/17/5
f 7/24/6 4/23/6 3/22/6 8/21/6
o cube
v -0.17286744673748244 0.0499675948201489 -0.016327440900309576
v -0.16227390658798274 0.04603632279872516 -0.026568754653657267
v -0.17286744673748244 -0.1297466372805624 0.05265838938716075
v -0.16227390658798274 -0.13367790930198617 0.042417075633813056
v -0.17486235309390913 0.04167981512124744 -0.03791784516450909
v -0.18545589324340883 0.045611087142671175 -0.0276765314111614
v -0.17486235309390913 -0.1380344169794639 0.031067985122961217
v -0.18545589324340883 -0.13410314495804015 0.04130929887630891
vt 0 1
vt 0.0625 1
vt 0.0625 0.3125
vt 0 0.3125
vt 0.0625 1
vt 0.125 1
vt 0.125 0.3125
vt 0.0625 0.3125
vt 0.125 1
vt 0.1875 1
vt 0.1875 0.3125
vt 0.125 0.3125
vt 0.1875 1
vt 0.25 1
vt 0.25 0.3125
vt 0.1875 0.3125
vt 0.3125 0.9375
vt 0.25 0.9375
vt 0.25 1
vt 0.3125 1
vt 0.3125 0.9375
vt 0.25 0.9375
vt 0.25 0.875
vt 0.3125 0.875
vn 0.6946583704589974 -0.2577883292736881 -0.6715615575965698
vn 0.7193398003386512 0.2489432958558705 0.6485194577629618
vn -0.6946583704589974 0.2577883292736881 0.6715615575965698
vn -0.7193398003386512 -0.2489432958558705 -0.6485194577629618
vn 0 0.9335804264972019 -0.3583679495453004
vn 0 -0.9335804264972019 0.3583679495453004
usemtl m_6
f 12/28/7 15/27/7 13/26/7 10/25/7
f 11/32/8 12/31/8 10/30/8 9/29/8
f 16/36/9 11/35/9 9/34/9 14/33/9
f 15/40/10 16/39/10 14/38/10 13/37/10
f 14/44/11 9/43/11 10/42/11 13/41/11
f 15/48/12 12/47/12 11/46/12 16/45/12
o cube
v 0.015959250851413476 0.11531520998231493 0.15390891676246793
v 0.02655279100091318 0.11138393796089119 0.14366760300912024
v 0.015959250851413476 -0.06439902211839643 0.22289474704993822
v 0.02655279100091318 -0.06833029413982017 0.21265343329659053
v 0.013964344494986791 0.10702743028341344 0.13231851249826843
v 0.0033708043454870884 0.11095870230483718 0.14255982625161612
v 0.013964344494986791 -0.07268680181729789 0.20130434278573872
v 0.0033708043454870884 -0.06875552979587415 0.2115456565390864
vt 0 1
vt 0.0625 1
vt 0.0625 0.3125
vt 0 0.3125
vt 0.0625 1
vt 0.125 1
vt 0.125 0.3125
vt 0.0625 0.3125
vt 0.125 1
vt 0.1875 1
vt 0.1875 0.3125
vt 0.125 0.3125
vt 0.1875 1
vt 0.25 1
vt 0.25 0.3125
vt 0.1875 0.3125
vt 0.3125 0.9375
vt 0.25 0.9375
vt 0.25 1
vt 0.3125 1
vt 0.3125 0.9375
vt 0.25 0.9375
vt 0.25 0.875
vt 0.3125 0.875
vn 0.6946583704589974 -0.2577883292736881 -0.6715615575965698
vn 0.7193398003386512 0.2489432958558705 0.6485194577629618
vn -0.6946583704589974 0.2577883292736881 0.6715615575965698
vn -0.7193398003386512 -0.2489432958558705 -0.6485194577629618
vn 0 0.9335804264972019 -0.3583679495453004
vn 0 -0.9335804264972019 0.3583679495453004
usemtl m_7
f 20/52/13 23/51/13 21/50/13 18/49/13
f 19/56/14 20/55/14 18/54/14 17/53/14
f 24/60/15 19/59/15 17/58/15 22/57/15
f 23/64/16 24/63/16 22/62/16 21/61/16
f 22/68/17 17/67/17 18/66/17 21/65/17
f 23/72/18 20/71/18 19/70/18 24/69/18
o cube
v 0.17486235309390913 0.056346129660958755 0.00028921046225256763
v 0.18545589324340883 0.05241485763953502 -0.009952103291095124
v 0.17486235309390913 -0.12336810243975257 0.06927504074972288
v 0.18545589324340883 -0.12729937446117634 0.059033726996375185
v 0.17286744673748244 0.04805834996205727 -0.021301193801946963
v 0.16227390658798274 0.051989621983481005 -0.011059880048599272
v 0.17286744673748244 -0.13165588213865406 0.047684636485523346
v 0.16227390658798274 -0.12772461011723032 0.05792595023887104
vt 0 1
vt 0.0625 1
vt 0.0625 0.3125
vt 0 0.3125
vt 0.0625 1
vt 0.125 1
vt 0.125 0.3125
vt 0.0625 0.3125
vt 0.125 1
vt 0.1875 1
vt 0.1875 0.3125
vt 0.125 0.3125
vt 0.1875 1
vt 0.25 1
vt 0.25 0.3125
vt 0.1875 0.3125
vt 0.3125 0.9375
vt 0.25 0.9375
vt 0.25 1
vt 0.3125 1
vt 0.3125 0.9375
vt 0.25 0.9375
vt 0.25 0.875
vt 0.3125 0.875
vn 0.6946583704589974 -0.2577883292736881 -0.6715615575965698
vn 0.7193398003386512 0.2489432958558705 0.6485194577629618
vn -0.6946583704589974 0.2577883292736881 0.6715615575965698
vn -0.7193398003386512 -0.2489432958558705 -0.6485194577629618
vn 0 0.9335804264972019 -0.3583679495453004
vn 0 -0.9335804264972019 0.3583679495453004
usemtl m_8
f 28/76/19 31/75/19 29/74/19 26/73/19
f 27/80/20 28/79/20 26/78/20 25/77/20
f 32/84/21 27/83/21 25/82/21 30/81/21
f 31/88/22 32/87/22 30/86/22 29/85/22
f 30/92/23 25/91/23 26/90/23 29/89/23
f 31/96/24 28/95/24 27/94/24 32/93/24
o cube
v 0.015959250851413476 0.13165286744601595 0.14763747764542517
v 0.18545589324340883 0.06875251510323604 -0.016223542408137892
v 0.015959250851413476 0.11531520998231493 0.15390891676246793
v 0.18545589324340883 0.05241485763953502 -0.009952103291095124
v -0.015959250851413476 -0.000951607736407678 -0.19780899058176724
v -0.18545589324340883 0.06194874460637223 -0.03394797052820417
v -0.015959250851413476 -0.017289265200108733 -0.19153755146472445
v -0.18545589324340883 0.045611087142671175 -0.0276765314111614
vt 0.5 1
vt 1 1
vt 1 0.96875
vt 0.5 0.96875
vt 0.5 0.96875
vt 1 0.96875
vt 1 0.9375
vt 0.5 0.9375
vt 0.5 0.9375
vt 1 0.9375
vt 1 0.90625
vt 0.5 0.90625
vt 0.5 0.90625
vt 1 0.90625
vt 1 0.875
vt 0.5 0.875
vt 0.5 0.5
vt 0 0.5
vt 0 1
vt 0.5 1
vt 0.5 0.5
vt 0 0.5
vt 0 0
vt 0.5 0
vn 0.6946583704589974 -0.2577883292736881 -0.6715615575965698
vn 0.7193398003386512 0.2489432958558705 0.6485194577629618
vn -0.6946583704589974 0.2577883292736881 0.6715615575965698
vn -0.7193398003386512 -0.2489432958558705 -0.6485194577629618
vn 0 0.9335804264972019 -0.3583679495453004
vn 0 -0.9335804264972019 0.3583679495453004
usemtl m_0
f 36/100/25 39/99/25 37/98/25 34/97/25
f 35/104/26 36/103/26 34/102/26 33/101/26
f 40/108/27 35/107/27 33/106/27 38/105/27
f 39/112/28 40/111/28 38/110/28 37/109/28
f 38/116/29 33/115/29 34/114/29 37/113/29
f 39/120/30 36/119/30 35/118/30 40/117/30
o cube
v -0.16227390658798274 -0.08466493691088306 0.023602758282684794
v -0.013964344494986791 -0.1397027452108155 -0.1197756342641829
v -0.16227390658798274 -0.1010025943745841 0.029874197399727548
v -0.013964344494986791 -0.15604040267451652 -0.11350419514714015
v -0.026552791000913185 -0.14405925288829322 -0.13112472477503473
v -0.17486235309390913 -0.08902144458836081 0.012253667771832955
v -0.026552791000913185 -0.16039691035199427 -0.12485328565799197
v -0.17486235309390913 -0.10535910205206184 0.01852510688887571
vt 0.125 0.875
vt 0.1875 0.875
vt 0.1875 0.8125
vt 0.125 0.8125
vt 0 1
vt 0.875 1
vt 0.875 0.9375
vt 0 0.9375
vt 0.125 0.8125
vt 0.1875 0.8125
vt 0.1875 0.75
vt 0.125 0.75
vt 0 0.9375
vt 0.875 0.9375
vt 0.875 0.875
vt 0 0.875
vt 0.0625 0
vt 0 0
vt 0 0.875
vt 0.0625 0.875
vt 0.125 0.875
vt 0.0625 0.875
vt 0.0625 0
vt 0.125 0
vn 0.6946583704589974 -0.2577883292736881 -0.6715615575965698
vn 0.7193398003386512 0.2489432958558705 0.6485194577629618
vn -0.6946583704589974 0.2577883292736881 0.6715615575965698
vn -0.7193398003386512 -0.2489432958558705 -0.6485194577629618
vn 0 0.9335804264972019 -0.3583679495453004
vn 0 -0.9335804264972019 0.3583679495453004
usemtl m_5
f 44/124/31 47/123/31 45/122/31 42/121/31
f 43/128/32 44/127/32 42/126/32 41/125/32
f 48/132/33 43/131/33 41/130/33 46/129/33
f 47/136/34 48/135/34 46/134/34 45/133/34
f 46/140/35 41/139/35 42/138/35 45/137/35
f 47/144/36 44/143/36 43/142/36 48/141/36
o cube
v 0.02655279100091318 -0.01931732174871706 0.19383911594546227
v 0.17486235309390913 -0.07435513004864949 0.050460723398594615
v 0.02655279100091318 -0.035654979212418086 0.20011055506250502
v 0.17486235309390913 -0.09069278751235052 0.05673216251563737
v 0.16227390658798274 -0.07871163772612721 0.039111632887742775
v 0.013964344494986791 -0.02367382942619481 0.18249002543461046
v 0.16227390658798274 -0.09504929518982827 0.04538307200478553
v 0.013964344494986791 -0.040011486889895836 0.1887614645516532
vt 0.125 0.875
vt 0.1875 0.875
vt 0.1875 0.8125
vt 0.125 0.8125
vt 0 1
vt 0.875 1
vt 0.875 0.9375
vt 0 0.9375
vt 0.125 0.8125
vt 0.1875 0.8125
vt 0.1875 0.75
vt 0.125 0.75
vt 0 0.9375
vt 0.875 0.9375
vt 0.875 0.875
vt 0 0.875
vt 0.0625 0
vt 0 0
vt 0 0.875
vt 0.0625 0.875
vt 0.125 0.875
vt 0.0625 0.875
vt 0.0625 0
vt 0.125 0
vn 0.6946583704589974 -0.2577883292736881 -0.6715615575965698
vn 0.7193398003386512 0.2489432958558705 0.6485194577629618
vn -0.6946583704589974 0.2577883292736881 0.6715615575965698
vn -0.7193398003386512 -0.2489432958558705 -0.6485194577629618
vn 0 0.9335804264972019 -0.3583679495453004
vn 0 -0.9335804264972019 0.3583679495453004
usemtl m_3
f 52/148/37 55/147/37 53/146/37 50/145/37
f 51/152/38 52/151/38 50/150/38 49/149/38
f 56/156/39 51/155/39 49/154/39 54/153/39
f 55/160/40 56/159/40 54/158/40 53/157/40
f 54/164/41 49/163/41 50/162/41 53/161/41
f 55/168/42 52/167/42 51/166/42 56/165/42
o cube
v 0.16227390658798274 -0.07871163772612721 0.039111632887742775
v 0.17286744673748244 -0.08264290974755097 0.028870319134395084
v 0.16227390658798274 -0.09504929518982827 0.04538307200478553
v 0.17286744673748244 -0.09898056721125201 0.03514175825143784
v -0.0033708043454870815 -0.14363401723223923 -0.13001694801753058
v -0.013964344494986791 -0.1397027452108155 -0.1197756342641829
v -0.0033708043454870815 -0.15997167469594026 -0.12374550890048784
v -0.013964344494986791 -0.15604040267451652 -0.11350419514714015
vt 0 1
vt 0.875 1
vt 0.875 0.9375
vt 0 0.9375
vt 0 0.75
vt 0.0625 0.75
vt 0.0625 0.6875
vt 0 0.6875
vt 0 0.9375
vt 0.875 0.9375
vt 0.875 0.875
vt 0 0.875
vt 0.0625 0.75
vt 0.125 0.75
vt 0.125 0.6875
vt 0.0625 0.6875
vt 0.875 0.8125
vt 0 0.8125
vt 0 0.875
vt 0.875 0.875
vt 0.875 0.8125
vt 0 0.8125
vt 0 0.75
vt 0.875 0.75
vn 0.6946583704589974 -0.2577883292736881 -0.6715615575965698
vn 0.7193398003386512 0.2489432958558705 0.6485194577629618
vn -0.6946583704589974 0.2577883292736881 0.6715615575965698
vn -0.7193398003386512 -0.2489432958558705 -0.6485194577629618
vn 0 0.9335804264972019 -0.3583679495453004
vn 0 -0.9335804264972019 0.3583679495453004
usemtl m_2
f 60/172/43 63/171/43 61/170/43 58/169/43
f 59/176/44 60/175/44 58/174/44 57/173/44
f 64/180/45 59/179/45 57/178/45 62/177/45
f 63/184/46 64/183/46 62/182/46 61/181/46
f 62/188/47 57/187/47 58/186/47 61/185/47
f 63/192/48 60/191/48 59/190/48 64/189/48
o cube
v 0.0033708043454870884 -0.019742557404771044 0.19273133918795815
v 0.013964344494986791 -0.02367382942619481 0.18249002543461046
v 0.0033708043454870884 -0.0360802148684721 0.1990027783050009
v 0.013964344494986791 -0.040011486889895836 0.1887614645516532
v -0.16227390658798274 -0.08466493691088306 0.023602758282684794
v -0.17286744673748244 -0.08073366488945932 0.033844072036032485
v -0.16227390658798274 -0.1010025943745841 0.029874197399727548
v -0.17286744673748244 -0.09707132235316035 0.04011551115307524
vt 0 1
vt 0.875 1
vt 0.875 0.9375
vt 0 0.9375
vt 0 0.75
vt 0.0625 0.75
vt 0.0625 0.6875
vt 0 0.6875
vt 0 0.9375
vt 0.875 0.9375
vt 0.875 0.875
vt 0 0.875
vt 0.0625 0.75
vt 0.125 0.75
vt 0.125 0.6875
vt 0.0625 0.6875
vt 0.875 0.8125
vt 0 0.8125
vt 0 0.875
vt 0.875 0.875
vt 0.875 0.8125
vt 0 0.8125
vt 0 0.75
vt 0.875 0.75
vn 0.6946583704589974 -0.2577883292736881 -0.6715615575965698
vn 0.7193398003386512 0.2489432958558705 0.6485194577629618
vn -0.6946583704589974 0.2577883292736881 0.6715615575965698
vn -0.7193398003386512 -0.2489432958558705 -0.6485194577629618
vn 0 0.9335804264972019 -0.3583679495453004
vn 0 -0.9335804264972019 0.3583679495453004
usemtl m_4
f 68/196/49 71/195/49 69/194/49 66/193/49
f 67/200/50 68/199/50 66/198/50 65/197/50
f 72/204/51 67/203/51 65/202/51 70/201/51
f 71/208/52 72/207/52 70/206/52 69/205/52
f 70/212/53 65/211/53 66/210/53 69/209/53
f 71/216/54 68/215/54 67/214/54 72/213/54